100 50 1
100 150 1
fix_prob 0.02
200 50 0
200 150 2
200 250 3
200 350 4
fix_prob 0.01
250 50 0
250 150 0
250 250 0
250 350 0
250 450 3
fix_prob 0.008
300 50 1
300 150 2
300 250 2
300 350 3
300 450 5
300 550 7
fix_prob 0.011666666666666667
350 50 1
350 150 3
350 250 4
350 350 4
350 450 5
350 550 9                                         
350 650 9
fix_prob 0.015714285714285715
400 50 0
400 150 1
400 250 1
400 350 3
400 450 4
400 550 6
400 650 6
400 750 9
fix_prob 0.01375
600 50 0
600 150 0
600 250 2
600 350 2
600 450 3
600 550 4
600 650 5
600 750 8
600 850 9
600 950 10
600 1050 11
600 1150 11
fix_prob 0.009166666666666667
800 50 0
800 150 0
800 250 0
800 350 1
800 450 1
800 550 2
800 650 4
800 750 5
800 850 5
800 950 5
800 1050 5
800 1150 5
800 1250 6
800 1350 6
800 1450 6      
800 1550 7
fix_prob 0.004375
